QCD_Data_CS = 3208.000000 106.000000 2.000000 5.000000 12.000000 8.000000 44.000000 18.000000 11.000000 6.000000 2.000000 1.000000 2.000000 2176.000000 592.000000 364.000000 64.000000 12.000000 2746.000000 318.000000 77.000000 42.000000 25.000000 1145.000000 305.000000 1058.000000 700.000000 2361.000000 720.000000 127.000000 2943.000000 260.000000 5.000000 
QCD_Data_CS_relative_err = 0.017656 0.097129 0.707107 0.447214 0.288675 0.353553 0.150756 0.235702 0.301511 0.408248 0.707107 1.000000 0.707107 0.021437 0.041100 0.052414 0.125000 0.288675 0.019083 0.056077 0.113961 0.154303 0.200000 0.029553 0.057260 0.030744 0.037796 0.020580 0.037268 0.088736 0.018433 0.062017 0.447214 
QCD_otherBG_CS = 1179.649914 60.975570 0.236402 1.151621 11.951058 3.982483 24.300066 14.356542 11.118825 3.180933 1.983510 0.371910 0.409540 797.008543 230.376172 124.560890 24.185365 3.518944 950.510221 143.414963 49.332950 25.646103 10.745676 545.628584 123.971012 357.634678 152.415640 784.064029 331.247364 64.338520 1056.474783 122.023509 1.151621 
QCD_otherBG_eff_CS = 1137.349058 61.257119 0.236402 1.151621 17.374444 3.141419 27.446260 18.533860 16.521542 3.180933 1.983510 0.371910 0.409540 757.885361 221.989537 134.556788 25.946455 4.054207 947.350834 147.641801 49.918790 32.136275 15.405783 528.768136 113.546411 332.085572 132.942085 743.016639 320.853392 64.338520 1012.619499 126.195591 1.151621 
QCD_otherBG_CS_relative_errup = 0.008354 0.034950 0.511080 0.233521 0.084918 0.148414 0.056725 0.075764 0.088759 0.150238 0.216593 0.454455 0.415252 0.010159 0.019076 0.025468 0.056948 0.153216 0.009372 0.023527 0.038584 0.054566 0.082884 0.012813 0.024994 0.014674 0.021856 0.010236 0.015833 0.035437 0.008873 0.024808 0.233521 
QCD_otherBG_CS_relative_errdown = 0.008354 0.034950 0.511080 0.233521 0.084918 0.148414 0.056725 0.075764 0.088759 0.150238 0.216593 0.454455 0.415252 0.010159 0.019076 0.025468 0.056948 0.153216 0.009372 0.023527 0.038584 0.054566 0.082884 0.012813 0.024994 0.014674 0.021856 0.010236 0.015833 0.035437 0.008873 0.024808 0.233521 
QCD_TFactor_ave = 0.180513 0.184773 0.261367 0.261367 0.060885 0.075554 0.073762 0.072285 0.061494 0.261367 0.261367 0.261367 0.261367 0.203649 0.207190 0.031372 0.027002 0.011944 0.198514 0.084999 0.053422 0.046038 0.035595 0.200778 0.185393 0.171642 0.158648 0.177201 0.177114 0.261367 0.181402 0.168903 0.261367 
QCD_TFactor_ave_relative_err = 0.382303 0.344142 0.123893 0.123893 2.001825 0.232388 1.378072 1.210571 1.904491 0.123893 0.123893 0.123893 0.123893 0.386520 0.369330 0.331979 0.503109 1.000000 0.312110 1.264012 2.295766 2.620961 2.889767 0.329246 0.375289 0.401754 0.463899 0.395997 0.404638 0.123893 0.381730 0.396955 0.123893 
QCD_NonClosure_relative_err = 0.140986 0.496445 1.135144 1.092434 0.435772 0.662285 1.073816 0.551088 0.561204 1.044095 0.858885 1.060346 1.060346 0.162524 0.497425 0.314426 0.386433 0.230990 0.146046 0.630145 0.480725 0.463571 0.463571 0.534616 0.444352 0.200375 0.277870 0.156461 0.505150 0.533186 0.146953 0.477608 1.092434 
