luminosity = 8000
channels = 101
sample = signal 
rate = 321.285 204.308 46.5654 11.1271 3.60788 1.41869 68.0757 130.319 48.515 15.3918 8.59573 1.27803 0.841498 13.9256 49.7791 37.5188 14.0312 6.71585 190.99 142.054 35.9718 8.31202 3.56878 0.496498 28.2049 66.2213 22.5173 8.60873 3.56144 0.297207 0.97977 3.73418 11.1519 10.2776 6.86218 3.86975 30.0992 14.9487 5.75132 1.66081 4.41814 6.71354 5.06169 5.87614 96.3283 50.657 11.7049 1.70894 0.791324 0.0486423 59.5198 53.009 11.2174 1.82398 1.28568 0.876542 0.761837 7.61217 9.91703 6.56798 3.51388 3.6011 59.301 34.8587 4.67346 3.44196 0.317216 0.191025 27.0327 22.9923 6.94038 1.17614 0.780911 0.38746 0.0448676 1.66796 8.20849 3.60787 2.50628 2.86337 13.2651 9.75541 1.22655 1.82978 4.60982 6.81495 3.3351 6.73157 1.88527 4.77389 1.023 0.291825 0.406126 1.62695 4.40111 3.32852 1.73485 0.0850985 0.59755 2.72925 8.75925 
