luminosity = 8000
channels = 85
sample = signal 
rate = 321.285 180.766 53.9519 23.3753 8.93395 68.0757 107.366 55.0444 26.4064 15.2829 0.841498 6.39393 30.6624 46.5273 38.3868 190.99 126.158 40.6613 17.8847 5.69915 28.2049 49.7692 30.1779 15.8508 5.40798 0.97977 1.61216 7.43068 11.2755 15.5773 34.5173 19.1467 8.66587 6.59193 5.60767 96.3283 45.0239 15.2595 3.46616 1.16136 59.5198 44.8741 15.8626 4.74422 2.7318 0.761837 4.47126 9.28927 8.19301 9.25862 59.301 32.2211 5.73894 4.17647 1.34582 27.0327 18.9266 9.31354 2.39943 1.63762 0.0448676 1.10074 5.80308 5.12612 6.82403 17.8749 15.2357 4.19238 4.11141 6.15384 2.1771 4.44884 0.731171 0.923221 1.72672 4.48621 2.71341 1.21267 1.74849 2.7156 1.45463 1.88971 1.20273 1.15616 3.05602 
