rate = 101.157 62.7963 12.7498 1.96936 0.936515 0.586819 17.0568 34.2839 7.40252 1.9863 1.52333 0 0 6.97956 12.6081 5.36865 0.936515 0.349696 76.4717 60.3487 12.1371 2.63334 1.17364 0.174848 10.5515 20.6239 7.76127 2.9341 1.76046 0 0.586819 1.03508 1.6366 1.34849 0.637809 0.174848 13.4968 3.69576 2.04652 0.586819 2.04857 3.395 0.586819 0.586819 41.8394 23.2169 3.52092 0.586819 0.586819 0 18.5284 17.7692 3.23932 0.288113 0 0 0 2.63334 3.10894 0.349696 0 0 30.8007 16.8833 1.93531 1.63455 0 0 11.1496 9.38911 1.93531 0 0 0 0 0 2.34728 0 0 0 3.52092 4.69455 0 1.17364 1.46175 1.73087 0.586819 0.586819 0.286059 0.872878 0.462961 0 0 0.174848 1.17364 0 0.586819 0 0 0 0 
syst_unc_all = 0.4 0.4 0.4 0.4 0.4 0.4 0.4 0.4 0.4 0.4 0.4 0.4 0.4 0.4 0.4 0.4 0.4 0.4 0.4 0.4 0.4 0.4 0.4 0.4 0.4 0.4 0.4 0.4 0.4 0.4 0.4 0.4 0.4 0.4 0.4 0.4 0.4 0.4 0.4 0.4 0.4 0.4 0.4 0.4 0.4 0.4 0.4 0.4 0.4 0.4 0.4 0.4 0.4 0.4 0.4 0.4 0.4 0.4 0.4 0.4 0.4 0.4 0.4 0.4 0.4 0.4 0.4 0.4 0.4 0.4 0.4 0.4 0.4 0.4 0.4 0.4 0.4 0.4 0.4 0.4 0.4 0.4 0.4 0.4 0.4 0.4 0.4 0.4 0.4 0.4 0.4 0.4 0.4 0.4 0.4 0.4 0.4 0.4 0.4 0.4 0.4 
