rate = 101.157 57.6067 14.4953 5.0636 1.87303 17.0568 29.5932 10.4735 3.25626 1.87303 0 2.69697 11.559 7.42918 4.55736 76.4717 56.8278 13.7227 4.56864 1.34849 10.5515 12.5343 12.0587 6.72619 1.76046 0.586819 0.460907 1.62395 1.17364 1.57432 15.5454 5.91713 2.34728 2.04652 0.586819 41.8394 21.4075 5.33031 0.586819 0.586819 18.5284 13.3903 6.85657 1.04978 0 0 0.872878 4.28258 0.936515 0 30.8007 16.8833 1.34849 1.63455 0.586819 11.1496 7.04183 4.28258 0 0 0 0 1.76046 0.586819 0 4.98267 6.42543 0.586819 1.17364 0.586819 0.286059 0.872878 0 0.288113 0.349696 1.17364 0 0 0.586819 0 0 0 0 0 0 
syst_unc_all = 0.4 0.4 0.4 0.4 0.4 0.4 0.4 0.4 0.4 0.4 0.4 0.4 0.4 0.4 0.4 0.4 0.4 0.4 0.4 0.4 0.4 0.4 0.4 0.4 0.4 0.4 0.4 0.4 0.4 0.4 0.4 0.4 0.4 0.4 0.4 0.4 0.4 0.4 0.4 0.4 0.4 0.4 0.4 0.4 0.4 0.4 0.4 0.4 0.4 0.4 0.4 0.4 0.4 0.4 0.4 0.4 0.4 0.4 0.4 0.4 0.4 0.4 0.4 0.4 0.4 0.4 0.4 0.4 0.4 0.4 0.4 0.4 0.4 0.4 0.4 0.4 0.4 0.4 0.4 0.4 0.4 0.4 0.4 0.4 0.4 
