rate = 78.3727 41.7604 8.93627 1.34849 0.761667 0 19.2677 29.3852 7.68652 2.45985 0.586819 0.586819 0.174848 1.87303 8.3835 3.00736 1.74848 0.524544 74.1437 50.0815 14.8453 2.98303 1.17364 0 8.94755 17.4854 5.25384 2.03163 0.586819 0 0 0.586819 2.49272 1.6366 0.874933 0.524544 10.262 4.39585 1.76046 0 0.872878 0.174848 1.76046 1.32096 25.617 11.9602 5.28137 0.174848 0 0 14.9304 15.7196 2.63334 0 0.586819 0.586819 0.586819 2.04652 0.586819 0.174848 0 0 15.5158 10.4389 0.586819 1.17364 0 0 7.21668 3.69576 1.76046 0 0 0 0 0 2.81024 0.586819 0 0 3.52092 1.76046 0 0 1.17364 1.17364 0 0 0 1.76046 0 0 0 0 1.76046 1.17364 0 0 0 0 0 
syst_unc_all = 0.4 0.4 0.4 0.4 0.4 0.4 0.4 0.4 0.4 0.4 0.4 0.4 0.4 0.4 0.4 0.4 0.4 0.4 0.4 0.4 0.4 0.4 0.4 0.4 0.4 0.4 0.4 0.4 0.4 0.4 0.4 0.4 0.4 0.4 0.4 0.4 0.4 0.4 0.4 0.4 0.4 0.4 0.4 0.4 0.4 0.4 0.4 0.4 0.4 0.4 0.4 0.4 0.4 0.4 0.4 0.4 0.4 0.4 0.4 0.4 0.4 0.4 0.4 0.4 0.4 0.4 0.4 0.4 0.4 0.4 0.4 0.4 0.4 0.4 0.4 0.4 0.4 0.4 0.4 0.4 0.4 0.4 0.4 0.4 0.4 0.4 0.4 0.4 0.4 0.4 0.4 0.4 0.4 0.4 0.4 0.4 0.4 0.4 0.4 0.4 0.4 
