rate = 78.3727 37.252 11.8101 2.39621 1.34849 19.2677 25.0345 8.4333 5.30209 1.93531 0.174848 1.52333 4.35069 5.37088 4.29201 74.1437 42.278 16.7806 8.26441 1.76046 8.94755 14.6772 6.88839 3.20527 0.586819 0 0 1.93531 2.01917 2.16114 11.1349 4.5707 2.34728 1.17364 1.32096 25.617 9.61289 6.45501 1.34849 0 14.9304 15.1328 2.63334 0.586819 1.17364 0.586819 2.04652 0 0.761667 0 15.5158 8.97714 2.04857 1.17364 0 7.21668 3.69576 1.17364 0.586819 0 0 0 1.93531 1.46175 0 4.69455 2.9341 0 0 0 0 1.76046 0 0 0 1.76046 1.17364 0 0 0 0 0 0 0 0 
syst_unc_all = 0.4 0.4 0.4 0.4 0.4 0.4 0.4 0.4 0.4 0.4 0.4 0.4 0.4 0.4 0.4 0.4 0.4 0.4 0.4 0.4 0.4 0.4 0.4 0.4 0.4 0.4 0.4 0.4 0.4 0.4 0.4 0.4 0.4 0.4 0.4 0.4 0.4 0.4 0.4 0.4 0.4 0.4 0.4 0.4 0.4 0.4 0.4 0.4 0.4 0.4 0.4 0.4 0.4 0.4 0.4 0.4 0.4 0.4 0.4 0.4 0.4 0.4 0.4 0.4 0.4 0.4 0.4 0.4 0.4 0.4 0.4 0.4 0.4 0.4 0.4 0.4 0.4 0.4 0.4 0.4 0.4 0.4 0.4 0.4 0.4 
