rate = 38.4251 18.1767 0.976076 3.89155 0.50247 11.0169 2.19801 0.744084 0 3.3987 0.613655 0 0.120807 0.120807 0.372042 6.95445 5.47591 0.241614 0.120807 0 0.492849 5.3551 0 0 0 0.241614 0.372042 0 0 0.120807 0.744084 0.874512 0 0 0 10.7422 3.80698 0 0 0 16.333 2.43962 0.120807 0.120807 0 0.120807 0 0.120807 0 0.36242 2.12107 0.120807 0.120807 0.120807 0.120807 3.51951 0.372042 0 0 0 0 0.241614 0.120807 0 0.251235 2.45887 0 0.120807 0 0.120807 0.744084 0.483227 0 0 0 0 0 0 0 0 0 0.120807 0 0 0 
syst_unc_all = 1.5 1.5 1.5 1.5 1.5 1.5 1.5 1.5 1.5 1.5 1.5 1.5 1.5 1.5 1.5 1.5 1.5 1.5 1.5 1.5 1.5 1.5 1.5 1.5 1.5 1.5 1.5 1.5 1.5 1.5 1.5 1.5 1.5 1.5 1.5 1.5 1.5 1.5 1.5 1.5 1.5 1.5 1.5 1.5 1.5 1.5 1.5 1.5 1.5 1.5 1.5 1.5 1.5 1.5 1.5 1.5 1.5 1.5 1.5 1.5 1.5 1.5 1.5 1.5 1.5 1.5 1.5 1.5 1.5 1.5 1.5 1.5 1.5 1.5 1.5 1.5 1.5 1.5 1.5 1.5 1.5 1.5 1.5 1.5 1.5 
