rate = 38.4251 18.4184 4.3844 0.241614 0.251235 0.251235 11.0169 2.57005 0.372042 0 3.3987 0 0.613655 0.120807 0 0.120807 0.120807 0.251235 6.95445 5.47591 0.36242 0 0 0 0.492849 5.3551 0 0 0 0 0.241614 0.372042 0 0 0.120807 0 0.492849 0.874512 0 0 0.251235 0 0 0 10.7422 3.80698 0 0 0 0 16.333 2.56043 0.120807 0 0 0 0.120807 0 0.120807 0 0.120807 0.241614 2.12107 0.241614 0.120807 0 0 0.120807 3.51951 0.372042 0 0 0 0 0 0.36242 0 0.251235 0 0 2.45887 0 0 0 0 0 0.120807 0.120807 0.492849 0.483227 0 0.251235 0 0 0 0 0 0 0 0 0.120807 
syst_unc_all = 1.5 1.5 1.5 1.5 1.5 1.5 1.5 1.5 1.5 1.5 1.5 1.5 1.5 1.5 1.5 1.5 1.5 1.5 1.5 1.5 1.5 1.5 1.5 1.5 1.5 1.5 1.5 1.5 1.5 1.5 1.5 1.5 1.5 1.5 1.5 1.5 1.5 1.5 1.5 1.5 1.5 1.5 1.5 1.5 1.5 1.5 1.5 1.5 1.5 1.5 1.5 1.5 1.5 1.5 1.5 1.5 1.5 1.5 1.5 1.5 1.5 1.5 1.5 1.5 1.5 1.5 1.5 1.5 1.5 1.5 1.5 1.5 1.5 1.5 1.5 1.5 1.5 1.5 1.5 1.5 1.5 1.5 1.5 1.5 1.5 1.5 1.5 1.5 1.5 1.5 1.5 1.5 1.5 1.5 1.5 1.5 1.5 1.5 1.5 1.5 1.5 
