rate = 6.97578 4.85542 1.84606 0.694539 0.409762 2.31974 3.86546 2.36799 1.09314 0.521749 0.0109368 0.293028 1.24335 1.75926 1.81896 6.02032 5.09215 1.7744 0.864664 0.377411 1.50608 3.12674 2.24998 1.06648 0.523741 0.0251737 0.273488 0.670869 1.33679 1.32898 1.5774 1.7004 0.907156 0.681108 0.382618 3.92139 1.91601 0.757657 0.0818461 0.122208 2.17287 2.88579 1.1854 0.451313 0.257616 0.0218736 0.45106 0.969869 1.25746 1.10618 2.96965 1.64117 0.457404 0.173848 0.0344604 1.72292 2.40752 1.04869 0.316469 0.197985 0.0229961 0.310022 0.71215 0.75098 0.927348 0.78809 0.698366 0.438574 0.242837 0.128893 0.211862 0.23799 0.157263 0.0995537 0.0479133 0.161957 0.160649 0.124795 0.0697869 0.0714369 0.0608239 0.0720318 0.00755141 0.0339329 0.0328104 
syst_unc_all = 0 0 0 0 0 0 0 0 0 0 0 0 0 0 0 0 0 0 0 0 0 0 0 0 0 0 0 0 0 0 0 0 0 0 0 0 0 0 0 0 0 0 0 0 0 0 0 0 0 0 0 0 0 0 0 0 0 0 0 0 0 0 0 0 0 0 0 0 0 0 0 0 0 0 0 0 0 0 0 0 0 0 0 0 0 
