rate = 6.97578 5.78066 1.38745 0.512359 0.102326 0.0229961 2.31974 4.81813 2.15632 0.570261 0.222902 0.0807237 0.0109368 0.624243 1.75705 1.60589 0.774675 0.35275 6.02032 5.89897 1.41823 0.630843 0.15303 0.00755141 1.50608 4.12527 1.95486 0.592134 0.250934 0.0437472 0.0251737 0.444479 1.27222 1.002 0.573136 0.31829 1.24154 1.19336 0.345858 0.0420119 0.335858 0.865059 0.654797 0.570193 3.92139 2.28971 0.442807 0.115779 0.029425 0 2.17287 3.37464 0.98252 0.32679 0.0841091 0.0120593 0.0218736 0.75615 1.34102 0.82009 0.592238 0.27507 2.96965 1.87942 0.360198 0.0563341 0.0109368 0 1.72292 2.90983 0.78517 0.15536 0.0874945 0.0328104 0.0229961 0.490028 0.87239 0.776581 0.342851 0.218651 0.500997 0.335431 0.0664015 0 0.287093 0.547617 0.295718 0.263502 0.192251 0.306637 0.0196107 0.0196107 0.0886169 0.127856 0.143469 0.230759 0.0479133 0.0184882 0.054684 0.0933105 0.20715 
syst_unc_all = 0 0 0 0 0 0 0 0 0 0 0 0 0 0 0 0 0 0 0 0 0 0 0 0 0 0 0 0 0 0 0 0 0 0 0 0 0 0 0 0 0 0 0 0 0 0 0 0 0 0 0 0 0 0 0 0 0 0 0 0 0 0 0 0 0 0 0 0 0 0 0 0 0 0 0 0 0 0 0 0 0 0 0 0 0 0 0 0 0 0 0 0 0 0 0 0 0 0 0 0 0 
