rate = 91.6851 69.7258 16.5049 6.1092 0.943093 0.321334 17.7018 57.4648 29.794 9.78033 2.46943 0.401667 0.0401667 4.14029 26.0955 25.9156 8.31598 3.33384 22.414 14.3102 4.28647 1.11018 0.30446 0.1205 5.97824 16.7571 6.41604 2.34086 0.448253 0 0.1205 1.08689 4.8279 4.79176 2.39148 0.803335 1.89902 2.12315 0.575173 0.200834 0.43138 0.966386 0.989679 0.471546 9.22845 4.68172 0.712547 0.287587 0 0 6.00153 10.2286 2.60515 0.36792 0 0 0 1.67893 3.70488 3.97559 0.953547 0.883668 2.14644 0.471546 0.143793 0 0 0 1.50139 3.01562 0.55188 0 0.0803335 0 0 0.264293 0.949512 0.598466 0.160667 0.0803335 0.0401667 0.207253 0.0401667 0 0.143793 0.1205 0.0803335 0.0803335 0.18396 0.18396 0 0 0 0 0.0401667 0.0401667 0.0401667 0 0 0.0401667 0 
syst_unc_all = 0.104436 0.119758 0.246147 0.404583 1 1 0.237679 0.131916 0.183204 0.319759 0.636358 1 1 0.491456 0.195757 0.196435 0.346771 0.547681 0.211223 0.264349 0.483003 0.949081 1 1 0.408991 0.244287 0.39479 0.653601 1 0 1 0.959197 0.455115 0.456828 0.646646 1 0.725663 0.686293 1 1 1 1 1 1 0.329182 0.462165 1 1 0 0 0.408196 0.312674 0.61956 1 0 0 0 0.771762 0.519533 0.501533 1 1 0.682559 1 1 0 0 0 0.816118 0.575853 1 0 1 0 0 1 1 1 1 1 1 1 1 0 1 1 1 1 1 1 0 0 0 0 1 1 1 0 0 1 0 
