rate = 91.6851 58.1204 22.1385 9.65983 3.68562 17.7018 45.2674 31.9742 15.9891 6.6796 0.0401667 1.79943 12.8763 30.6359 22.4897 22.414 11.7388 5.25286 2.26053 0.879633 5.97824 12.6481 7.88369 3.97559 1.45481 0.1205 0.384794 2.74491 5.46011 5.31155 2.3304 2.76178 1.21381 1.15035 0.200834 9.22845 4.25034 0.959967 0.43138 0.0401667 6.00153 8.25564 3.5145 1.39135 0.0401667 0 0.816173 3.2502 3.99888 3.13135 2.14644 0.471546 0.0401667 0.103627 0 1.50139 2.48062 0.98326 0.103627 0.0803335 0 0.264293 0.43138 0.972805 0.384794 0.18396 0.24742 0.0803335 0.1205 0.0803335 0.18396 0.18396 0 0 0 0.0401667 0 0.0401667 0.0401667 0.0401667 0 0 0 0 0 
syst_unc_all = 0.104436 0.13117 0.212533 0.321748 0.520889 0.237679 0.14863 0.176848 0.250085 0.386923 1 0.745473 0.278679 0.18067 0.210867 0.211223 0.291869 0.436317 0.665113 1 0.408991 0.281182 0.356152 0.501533 0.829082 1 1 0.603581 0.427956 0.4339 0.655065 0.601735 0.907665 0.932365 1 0.329182 0.485052 1 1 1 0.408196 0.348036 0.533419 0.847778 1 0 1 0.554683 0.50007 0.565111 0.682559 1 1 1 0 0.816118 0.634922 1 1 1 0 1 1 1 1 1 1 1 1 1 1 1 0 0 0 1 0 1 1 1 0 0 0 0 0 
